3,-0.9 ---> 0.0
3,-0.85 ---> 0.0
3,-0.7999999999999999 ---> 0.0
3,-0.7499999999999999 ---> 0.0
3,-0.6999999999999998 ---> 0.0
3,-0.6499999999999998 ---> 0.0
3,-0.5999999999999998 ---> 0.0
3,-0.5499999999999997 ---> 0.00392349190779794
3,-0.49999999999999967 ---> 0.0018027040560841263
3,-0.4499999999999996 ---> 0.004226542688081149
3,-0.3999999999999996 ---> 0.003072812291249165
3,-0.34999999999999953 ---> 0.014720380104637207
3,-0.2999999999999995 ---> 0.014068312083085472
3,-0.24999999999999944 ---> 0.06329734471972898
3,-0.1999999999999994 ---> 0.37015557449912007
3,-0.14999999999999936 ---> 0.6298839348644374
5,-0.9 ---> 0.0
5,-0.85 ---> 0.0
5,-0.7999999999999999 ---> 0.0
5,-0.7499999999999999 ---> 0.0
5,-0.6999999999999998 ---> 0.0
5,-0.6499999999999998 ---> 0.0
5,-0.5999999999999998 ---> 0.0
5,-0.5499999999999997 ---> 0.0016640665626625067
5,-0.49999999999999967 ---> 0.00835178366409168
5,-0.4499999999999996 ---> 0.017984476988238997
5,-0.3999999999999996 ---> 0.01356331645180327
5,-0.34999999999999953 ---> 0.07254812632116857
5,-0.2999999999999995 ---> 0.4473563837748065
5,-0.24999999999999944 ---> 0.7652268078536782
5,-0.1999999999999994 ---> 0.8451938391609068
5,-0.14999999999999936 ---> 0.7527890070385043
7,-0.9 ---> 0.0
7,-0.85 ---> 0.0
7,-0.7999999999999999 ---> 0.0
7,-0.7499999999999999 ---> 0.0
7,-0.6999999999999998 ---> 0.0
7,-0.6499999999999998 ---> 0.009621166566446182
7,-0.5999999999999998 ---> 0.004832162018555823
7,-0.5499999999999997 ---> 0.004846414938223978
7,-0.49999999999999967 ---> 0.023080128450593745
7,-0.4499999999999996 ---> 0.01620063953817592
7,-0.3999999999999996 ---> 0.08532425077682385
7,-0.34999999999999953 ---> 0.6758189378597315
7,-0.2999999999999995 ---> 0.7747158032094308
7,-0.24999999999999944 ---> 0.7657912037992836
7,-0.1999999999999994 ---> 0.7890408045265708
7,-0.14999999999999936 ---> 0.7435563945428949
9,-0.9 ---> 0.0
9,-0.85 ---> 0.0
9,-0.7999999999999999 ---> 0.0
9,-0.7499999999999999 ---> 0.0
9,-0.6999999999999998 ---> 0.0
9,-0.6499999999999998 ---> 0.017501439263097295
9,-0.5999999999999998 ---> 0.006836489921592495
9,-0.5499999999999997 ---> 0.013525347924723449
9,-0.49999999999999967 ---> 0.02146152925277172
9,-0.4499999999999996 ---> 0.24730515316740154
9,-0.3999999999999996 ---> 0.6043733187924283
9,-0.34999999999999953 ---> 0.7993950046390408
9,-0.2999999999999995 ---> 0.7523116547799853
9,-0.24999999999999944 ---> 0.8998079235597973
9,-0.1999999999999994 ---> 0.9425132318306215
9,-0.14999999999999936 ---> 0.7554803338278142
11,-0.9 ---> 0.0
11,-0.85 ---> 0.0
11,-0.7999999999999999 ---> 0.0
11,-0.7499999999999999 ---> 0.0
11,-0.6999999999999998 ---> 0.008796296296296297
11,-0.6499999999999998 ---> 0.013860903691412166
11,-0.5999999999999998 ---> 0.013593526929112063
11,-0.5499999999999997 ---> 0.027574029000704308
11,-0.49999999999999967 ---> 0.2413118517490788
11,-0.4499999999999996 ---> 0.6760493175848187
11,-0.3999999999999996 ---> 0.7164374258506628
11,-0.34999999999999953 ---> 0.8535359589916552
11,-0.2999999999999995 ---> 0.791746416823231
11,-0.24999999999999944 ---> 0.9310262973987868
11,-0.1999999999999994 ---> 0.8521108289284107
11,-0.14999999999999936 ---> 0.7542482693756355
13,-0.9 ---> 0.0
13,-0.85 ---> 0.0
13,-0.7999999999999999 ---> 0.0
13,-0.7499999999999999 ---> 0.012016175621028307
13,-0.6999999999999998 ---> 0.0032470826991374937
13,-0.6499999999999998 ---> 0.02912273091770127
13,-0.5999999999999998 ---> 0.016462005087502944
13,-0.5499999999999997 ---> 0.21783501391332255
13,-0.49999999999999967 ---> 0.5935336080997555
13,-0.4499999999999996 ---> 0.7356835569390048
13,-0.3999999999999996 ---> 0.7624983112756796
13,-0.34999999999999953 ---> 0.934337811450311
13,-0.2999999999999995 ---> 0.9687970232713994
13,-0.24999999999999944 ---> 0.8111408131868025
13,-0.1999999999999994 ---> 0.7700376065059998
13,-0.14999999999999936 ---> 0.8437065202870204
15,-0.9 ---> 0.0
15,-0.85 ---> 0.0
15,-0.7999999999999999 ---> 0.0
15,-0.7499999999999999 ---> 0.00999418942475305
15,-0.6999999999999998 ---> 0.015301841521069934
15,-0.6499999999999998 ---> 0.01955225783380834
15,-0.5999999999999998 ---> 0.03898425988201622
15,-0.5499999999999997 ---> 0.5182300852164118
15,-0.49999999999999967 ---> 0.7017327440501566
15,-0.4499999999999996 ---> 0.797656557732546
15,-0.3999999999999996 ---> 0.8016274755562393
15,-0.34999999999999953 ---> 0.808279129381234
15,-0.2999999999999995 ---> 0.7927319230398833
15,-0.24999999999999944 ---> 0.7843378017117233
15,-0.1999999999999994 ---> 0.7708607680975627
15,-0.14999999999999936 ---> 0.8501447661440032
17,-0.9 ---> 0.0
17,-0.85 ---> 0.0
17,-0.7999999999999999 ---> 0.0
17,-0.7499999999999999 ---> 0.00364741641337386
17,-0.6999999999999998 ---> 0.01602772878828785
17,-0.6499999999999998 ---> 0.014685180614973137
17,-0.5999999999999998 ---> 0.1727395106427529
17,-0.5499999999999997 ---> 0.5782020075596794
17,-0.49999999999999967 ---> 0.7537669535528497
17,-0.4499999999999996 ---> 0.8257450861123642
17,-0.3999999999999996 ---> 0.9248654352093026
17,-0.34999999999999953 ---> 0.8100602744140565
17,-0.2999999999999995 ---> 0.7979411602859214
17,-0.24999999999999944 ---> 0.9340857240528525
17,-0.1999999999999994 ---> 0.772481205705723
17,-0.14999999999999936 ---> 0.7601059156422785
19,-0.9 ---> 0.0
19,-0.85 ---> 0.0
19,-0.7999999999999999 ---> 0.0
19,-0.7499999999999999 ---> 0.006302309791478972
19,-0.6999999999999998 ---> 0.02379100677080046
19,-0.6499999999999998 ---> 0.03882754823490807
19,-0.5999999999999998 ---> 0.3706096063891818
19,-0.5499999999999997 ---> 0.6303578184015667
19,-0.49999999999999967 ---> 0.8217738719380018
19,-0.4499999999999996 ---> 0.7822801208098988
19,-0.3999999999999996 ---> 0.9436281450631789
19,-0.34999999999999953 ---> 0.9361528195514319
19,-0.2999999999999995 ---> 0.9320773548791866
19,-0.24999999999999944 ---> 0.9384577367031947
19,-0.1999999999999994 ---> 0.7577519539437623
19,-0.14999999999999936 ---> 0.7489542732984258
21,-0.9 ---> 0.0
21,-0.85 ---> 0.0
21,-0.7999999999999999 ---> 0.0018202502844141069
21,-0.7499999999999999 ---> 0.009017911826538778
21,-0.6999999999999998 ---> 0.013308663057891182
21,-0.6499999999999998 ---> 0.10838416363037529
21,-0.5999999999999998 ---> 0.40919146224831326
21,-0.5499999999999997 ---> 0.6692836669607377
21,-0.49999999999999967 ---> 0.6581765939682774
21,-0.4499999999999996 ---> 0.9395075309309497
21,-0.3999999999999996 ---> 0.9286074435203678
21,-0.34999999999999953 ---> 0.8036189569480655
21,-0.2999999999999995 ---> 0.9590588540999263
21,-0.24999999999999944 ---> 0.9262442106912623
21,-0.1999999999999994 ---> 0.8748608257444598
21,-0.14999999999999936 ---> 0.7059073365086428
23,-0.9 ---> 0.0
23,-0.85 ---> 0.0
23,-0.7999999999999999 ---> 0.003642206748794858
23,-0.7499999999999999 ---> 0.022614247775744407
23,-0.6999999999999998 ---> 0.015671706050941328
23,-0.6499999999999998 ---> 0.08670085021129212
23,-0.5999999999999998 ---> 0.4780095713080962
23,-0.5499999999999997 ---> 0.6657371859633858
23,-0.49999999999999967 ---> 0.7814165191569031
23,-0.4499999999999996 ---> 0.7899102078765694
23,-0.3999999999999996 ---> 0.9482135119251023
23,-0.34999999999999953 ---> 0.7936693048622542
23,-0.2999999999999995 ---> 0.936174661616823
23,-0.24999999999999944 ---> 0.8054327996502018
23,-0.1999999999999994 ---> 0.8192512531409978
23,-0.14999999999999936 ---> 0.6995273235472267
25,-0.9 ---> 0.0
25,-0.85 ---> 0.0
25,-0.7999999999999999 ---> 0.002867383512544803
25,-0.7499999999999999 ---> 0.02592975472629557
25,-0.6999999999999998 ---> 0.019387723415145906
25,-0.6499999999999998 ---> 0.07402190634266315
25,-0.5999999999999998 ---> 0.4747722447500967
25,-0.5499999999999997 ---> 0.6868370871105631
25,-0.49999999999999967 ---> 0.7847738969224587
25,-0.4499999999999996 ---> 0.7905514820406419
25,-0.3999999999999996 ---> 0.7964321265486959
25,-0.34999999999999953 ---> 0.9269877199388075
25,-0.2999999999999995 ---> 0.7904024175670367
25,-0.24999999999999944 ---> 0.917030921810315
25,-0.1999999999999994 ---> 0.7492146254903762
25,-0.14999999999999936 ---> 0.6944657353520716
27,-0.9 ---> 0.0
27,-0.85 ---> 0.007319952774498229
27,-0.7999999999999999 ---> 0.002382133995037221
27,-0.7499999999999999 ---> 0.012216109342720936
27,-0.6999999999999998 ---> 0.014827168633761026
27,-0.6499999999999998 ---> 0.05275846349427025
27,-0.5999999999999998 ---> 0.46226611806066914
27,-0.5499999999999997 ---> 0.6502350733497867
27,-0.49999999999999967 ---> 0.8597232494886292
27,-0.4499999999999996 ---> 0.8838504219710313
27,-0.3999999999999996 ---> 0.9082632080448994
27,-0.34999999999999953 ---> 0.9531692544146539
27,-0.2999999999999995 ---> 0.9336538536177216
27,-0.24999999999999944 ---> 0.8128104324695394
27,-0.1999999999999994 ---> 0.760195680499035
27,-0.14999999999999936 ---> 0.6901681926878857
29,-0.9 ---> 0.0
29,-0.85 ---> 0.015375788869764772
29,-0.7999999999999999 ---> 0.0024667931688804557
29,-0.7499999999999999 ---> 0.012982248473629688
29,-0.6999999999999998 ---> 0.01685607920237975
29,-0.6499999999999998 ---> 0.048998040126338085
29,-0.5999999999999998 ---> 0.38225129752917886
29,-0.5499999999999997 ---> 0.6700801279977323
29,-0.49999999999999967 ---> 0.8022041479495939
29,-0.4499999999999996 ---> 0.7785038759759855
29,-0.3999999999999996 ---> 0.7794169473060794
29,-0.34999999999999953 ---> 0.9357151962321302
29,-0.2999999999999995 ---> 0.799750792244126
29,-0.24999999999999944 ---> 0.9139973189433535
29,-0.1999999999999994 ---> 0.7421621173053408
29,-0.14999999999999936 ---> 0.8357933678950273
31,-0.9 ---> 0.0
31,-0.85 ---> 0.010256410256410256
31,-0.7999999999999999 ---> 0.004511930585683297
31,-0.7499999999999999 ---> 0.014166831705204849
31,-0.6999999999999998 ---> 0.01788907294920105
31,-0.6499999999999998 ---> 0.09602728322051521
31,-0.5999999999999998 ---> 0.42447174324164927
31,-0.5499999999999997 ---> 0.6507155918714369
31,-0.49999999999999967 ---> 0.8074329046220112
31,-0.4499999999999996 ---> 0.9157497762528258
31,-0.3999999999999996 ---> 0.8032026031314906
31,-0.34999999999999953 ---> 0.9453020322157023
31,-0.2999999999999995 ---> 0.7956930061612791
31,-0.24999999999999944 ---> 0.908954295970449
31,-0.1999999999999994 ---> 0.7437443169661178
31,-0.14999999999999936 ---> 0.8081319788594927
33,-0.9 ---> 0.0
33,-0.85 ---> 0.010232558139534883
33,-0.7999999999999999 ---> 0.0025746562847096333
33,-0.7499999999999999 ---> 0.01462087766030136
33,-0.6999999999999998 ---> 0.0241995456293422
33,-0.6499999999999998 ---> 0.07340087118390062
33,-0.5999999999999998 ---> 0.4813226576301763
33,-0.5499999999999997 ---> 0.6907670113869069
33,-0.49999999999999967 ---> 0.7864840609709266
33,-0.4499999999999996 ---> 0.7890891030735979
33,-0.3999999999999996 ---> 0.8039558407477273
33,-0.34999999999999953 ---> 0.7810788357373603
33,-0.2999999999999995 ---> 0.8017684054767809
33,-0.24999999999999944 ---> 0.7815137429198595
33,-0.1999999999999994 ---> 0.8425801441250158
33,-0.14999999999999936 ---> 0.7196574369470496
35,-0.9 ---> 0.0
35,-0.85 ---> 0.0018306636155606408
35,-0.7999999999999999 ---> 0.0028619418449926924
35,-0.7499999999999999 ---> 0.019800068470391948
35,-0.6999999999999998 ---> 0.01773771440051381
35,-0.6499999999999998 ---> 0.10229725173982818
35,-0.5999999999999998 ---> 0.5024376626441234
35,-0.5499999999999997 ---> 0.6637628568595
35,-0.49999999999999967 ---> 0.8909622441623262
35,-0.4499999999999996 ---> 0.802564797846326
35,-0.3999999999999996 ---> 0.8027273044614966
35,-0.34999999999999953 ---> 0.8092684096749776
35,-0.2999999999999995 ---> 0.79878485897848
35,-0.24999999999999944 ---> 0.9216874370517193
35,-0.1999999999999994 ---> 0.8563194264131759
35,-0.14999999999999936 ---> 0.6991589268322069
37,-0.9 ---> 0.0
37,-0.85 ---> 0.002037351443123939
37,-0.7999999999999999 ---> 0.0037632169746277685
37,-0.7499999999999999 ---> 0.02137151646678196
37,-0.6999999999999998 ---> 0.014847773782451595
37,-0.6499999999999998 ---> 0.140553775148897
37,-0.5999999999999998 ---> 0.5782206907112898
37,-0.5499999999999997 ---> 0.6929765135676631
37,-0.49999999999999967 ---> 0.6678491454014306
37,-0.4499999999999996 ---> 0.7831481769501326
37,-0.3999999999999996 ---> 0.932741290776913
37,-0.34999999999999953 ---> 0.9487084672336007
37,-0.2999999999999995 ---> 0.9198063735721483
37,-0.24999999999999944 ---> 0.7813049737293888
37,-0.1999999999999994 ---> 0.8595837277302364
37,-0.14999999999999936 ---> 0.7192491595843552
39,-0.9 ---> 0.0
39,-0.85 ---> 0.011908931698774081
39,-0.7999999999999999 ---> 0.005733719044801201
39,-0.7499999999999999 ---> 0.03265826057554396
39,-0.6999999999999998 ---> 0.01871855191085257
39,-0.6499999999999998 ---> 0.16656802066746051
39,-0.5999999999999998 ---> 0.5466237741624055
39,-0.5499999999999997 ---> 0.7731660772215313
39,-0.49999999999999967 ---> 0.8617333541608454
39,-0.4499999999999996 ---> 0.9287696530944693
39,-0.3999999999999996 ---> 0.9492870916253302
39,-0.34999999999999953 ---> 0.8027404152911224
39,-0.2999999999999995 ---> 0.8199593616982457
39,-0.24999999999999944 ---> 0.7836644723168139
39,-0.1999999999999994 ---> 0.8589943196375149
39,-0.14999999999999936 ---> 0.7024498032284034
41,-0.9 ---> 0.0
41,-0.85 ---> 0.00319634703196347
41,-0.7999999999999999 ---> 0.005721834855680986
41,-0.7499999999999999 ---> 0.024117342028685717
41,-0.6999999999999998 ---> 0.021189296001823277
41,-0.6499999999999998 ---> 0.17881844735979716
41,-0.5999999999999998 ---> 0.5813289088178776
41,-0.5499999999999997 ---> 0.7590522565651625
41,-0.49999999999999967 ---> 0.8652318073026342
41,-0.4499999999999996 ---> 0.7795212560169047
41,-0.3999999999999996 ---> 0.950091244423789
41,-0.34999999999999953 ---> 0.7874394335587652
41,-0.2999999999999995 ---> 0.793890191124897
41,-0.24999999999999944 ---> 0.9075028584131604
41,-0.1999999999999994 ---> 0.6694160901000867
41,-0.14999999999999936 ---> 0.5728738408316373
43,-0.9 ---> 0.0
43,-0.85 ---> 0.0017130620985010708
43,-0.7999999999999999 ---> 0.010598339020309572
43,-0.7499999999999999 ---> 0.036482845570396306
43,-0.6999999999999998 ---> 0.034704290464574516
43,-0.6499999999999998 ---> 0.29357264356564583
43,-0.5999999999999998 ---> 0.6347824822126992
43,-0.5499999999999997 ---> 0.789055391955641
43,-0.49999999999999967 ---> 0.8559080249268816
43,-0.4499999999999996 ---> 0.9311440799484252
43,-0.3999999999999996 ---> 0.9454931457078052
43,-0.34999999999999953 ---> 0.947397600725768
43,-0.2999999999999995 ---> 0.9181479462625892
43,-0.24999999999999944 ---> 0.7892493771678701
43,-0.1999999999999994 ---> 0.760223633322421
43,-0.14999999999999936 ---> 0.581132875382557
45,-0.9 ---> 0.0
45,-0.85 ---> 0.0010758472296933835
45,-0.7999999999999999 ---> 0.007809633744623947
45,-0.7499999999999999 ---> 0.02546729264114094
45,-0.6999999999999998 ---> 0.05674676386356052
45,-0.6499999999999998 ---> 0.3755152248422335
45,-0.5999999999999998 ---> 0.6590278560992839
45,-0.5499999999999997 ---> 0.7610733434726595
45,-0.49999999999999967 ---> 0.8836204740962875
45,-0.4499999999999996 ---> 0.7804736769925493
45,-0.3999999999999996 ---> 0.9452531189294385
45,-0.34999999999999953 ---> 0.8121375904428036
45,-0.2999999999999995 ---> 0.7933387273407498
45,-0.24999999999999944 ---> 0.7607778711947637
45,-0.1999999999999994 ---> 0.7308912156680102
45,-0.14999999999999936 ---> 0.5540316305255648
47,-0.9 ---> 0.0
47,-0.85 ---> 0.0030943785456420837
47,-0.7999999999999999 ---> 0.013125709609119119
47,-0.7499999999999999 ---> 0.023293178195133855
47,-0.6999999999999998 ---> 0.042942787778566936
47,-0.6499999999999998 ---> 0.3355724317644424
47,-0.5999999999999998 ---> 0.5481077612018374
47,-0.5499999999999997 ---> 0.7060061918702667
47,-0.49999999999999967 ---> 0.8948652272664521
47,-0.4499999999999996 ---> 0.7802874877564996
47,-0.3999999999999996 ---> 0.9475991843164555
47,-0.34999999999999953 ---> 0.9447300858762651
47,-0.2999999999999995 ---> 0.939245459030335
47,-0.24999999999999944 ---> 0.7753338376560437
47,-0.1999999999999994 ---> 0.7773449395655121
47,-0.14999999999999936 ---> 0.6816238737792303
49,-0.9 ---> 0.012470023980815348
49,-0.85 ---> 0.0033437826541274822
49,-0.7999999999999999 ---> 0.011973068514767338
49,-0.7499999999999999 ---> 0.014759696906953145
49,-0.6999999999999998 ---> 0.05793345130150855
49,-0.6499999999999998 ---> 0.366126065641428
49,-0.5999999999999998 ---> 0.6532608756223722
49,-0.5499999999999997 ---> 0.8137940845876672
49,-0.49999999999999967 ---> 0.8936314260228381
49,-0.4499999999999996 ---> 0.9461523261668796
49,-0.3999999999999996 ---> 0.9420662510939589
49,-0.34999999999999953 ---> 0.8010740145978501
49,-0.2999999999999995 ---> 0.9280365093754159
49,-0.24999999999999944 ---> 0.9020396100013228
49,-0.1999999999999994 ---> 0.7429387501993379
49,-0.14999999999999936 ---> 0.7058114069844039
51,-0.9 ---> 0.012880143112701253
51,-0.85 ---> 0.0015794669299111549
51,-0.7999999999999999 ---> 0.013640656207019541
51,-0.7499999999999999 ---> 0.013287040335209726
51,-0.6999999999999998 ---> 0.07177831629566664
51,-0.6499999999999998 ---> 0.37423899646195286
51,-0.5999999999999998 ---> 0.7320246169599203
51,-0.5499999999999997 ---> 0.7355218629430429
51,-0.49999999999999967 ---> 0.8566001358950919
51,-0.4499999999999996 ---> 0.9344283087702653
51,-0.3999999999999996 ---> 0.9601559178169845
51,-0.34999999999999953 ---> 0.7922531878457575
51,-0.2999999999999995 ---> 0.9121451636057998
51,-0.24999999999999944 ---> 0.8918498100063132
51,-0.1999999999999994 ---> 0.7637627927280649
51,-0.14999999999999936 ---> 0.6502381057562346
53,-0.9 ---> 0.010438908659549228
53,-0.85 ---> 0.0041035661944308745
53,-0.7999999999999999 ---> 0.01705064241537916
53,-0.7499999999999999 ---> 0.014440207650657117
53,-0.6999999999999998 ---> 0.10502407184250402
53,-0.6499999999999998 ---> 0.44937517105326696
53,-0.5999999999999998 ---> 0.6635045639706065
53,-0.5499999999999997 ---> 0.782654703872888
53,-0.49999999999999967 ---> 0.8548140100347575
53,-0.4499999999999996 ---> 0.894805497073991
53,-0.3999999999999996 ---> 0.8125391643404957
53,-0.34999999999999953 ---> 0.9520926778126313
53,-0.2999999999999995 ---> 0.7731568219842074
53,-0.24999999999999944 ---> 0.8842955368155578
53,-0.1999999999999994 ---> 0.8612139031987084
53,-0.14999999999999936 ---> 0.781112538213572
55,-0.9 ---> 0.01223021582733813
55,-0.85 ---> 0.002696196437168994
55,-0.7999999999999999 ---> 0.03174622081138544
55,-0.7499999999999999 ---> 0.015568973718497539
55,-0.6999999999999998 ---> 0.11846937569451817
55,-0.6499999999999998 ---> 0.4612914641927549
55,-0.5999999999999998 ---> 0.6678365539645285
55,-0.5499999999999997 ---> 0.8180476678975168
55,-0.49999999999999967 ---> 0.8980718485771592
55,-0.4499999999999996 ---> 0.7960078169858464
55,-0.3999999999999996 ---> 0.8157089184897309
55,-0.34999999999999953 ---> 0.8084458685455017
55,-0.2999999999999995 ---> 0.9473246025945073
55,-0.24999999999999944 ---> 0.7791477644307078
55,-0.1999999999999994 ---> 0.7359221033163544
55,-0.14999999999999936 ---> 0.669412544479216
57,-0.9 ---> 0.011044417767106842
57,-0.85 ---> 0.0034615384615384616
57,-0.7999999999999999 ---> 0.021019194560498618
57,-0.7499999999999999 ---> 0.03677556799267566
57,-0.6999999999999998 ---> 0.12543121420780107
57,-0.6499999999999998 ---> 0.531332870805235
57,-0.5999999999999998 ---> 0.6372743400127835
57,-0.5499999999999997 ---> 0.8322100692560763
57,-0.49999999999999967 ---> 0.7542395713910912
57,-0.4499999999999996 ---> 0.8954519348418921
57,-0.3999999999999996 ---> 0.7893511005274488
57,-0.34999999999999953 ---> 0.9434935943481628
57,-0.2999999999999995 ---> 0.8083984481348148
57,-0.24999999999999944 ---> 0.9035209742871851
57,-0.1999999999999994 ---> 0.8129348235428482
57,-0.14999999999999936 ---> 0.6268805605029648
59,-0.9 ---> 0.011876484560570071
59,-0.85 ---> 0.001519468186134853
59,-0.7999999999999999 ---> 0.03428219778982933
59,-0.7499999999999999 ---> 0.024349461806251943
59,-0.6999999999999998 ---> 0.1835491207871593
59,-0.6499999999999998 ---> 0.49103053563998367
59,-0.5999999999999998 ---> 0.6782019438140138
59,-0.5499999999999997 ---> 0.8323879380246517
59,-0.49999999999999967 ---> 0.8917653268943241
59,-0.4499999999999996 ---> 0.771784906561831
59,-0.3999999999999996 ---> 0.9231143148924976
59,-0.34999999999999953 ---> 0.9549200281949146
59,-0.2999999999999995 ---> 0.921084904207356
59,-0.24999999999999944 ---> 0.8023142697808376
59,-0.1999999999999994 ---> 0.7384591188398899
59,-0.14999999999999936 ---> 0.6578723947750262
0.9687970232713994 13 -0.2999999999999995