3,0.1 ---> 0.7430488318353669
3,0.15000000000000002 ---> 0.7724573159405128
3,0.20000000000000004 ---> 0.5091242174554939
3,0.25000000000000006 ---> 0.5577596487558207
3,0.30000000000000004 ---> 0.29906226270185227
3,0.3500000000000001 ---> 0.1154092272867121
3,0.40000000000000013 ---> 0.06819014473556734
3,0.45000000000000007 ---> 0.05016167980076604
3,0.5000000000000001 ---> 0.02629405468465243
3,0.5500000000000002 ---> 0.03411470233859766
3,0.6000000000000002 ---> 0.011456297708243657
3,0.6500000000000001 ---> 0.019789443418844605
3,0.7000000000000002 ---> 0.02167667754819231
3,0.7500000000000002 ---> 0.011666684538008617
3,0.8000000000000002 ---> 0.008863087997671003
3,0.8500000000000002 ---> 0.004258804258804259
5,0.1 ---> 0.8729913539298684
5,0.15000000000000002 ---> 0.7616955011482343
5,0.20000000000000004 ---> 0.7591247910647672
5,0.25000000000000006 ---> 0.7243229701326861
5,0.30000000000000004 ---> 0.6981453108807818
5,0.3500000000000001 ---> 0.7311742372466515
5,0.40000000000000013 ---> 0.6956245689884268
5,0.45000000000000007 ---> 0.603878134595926
5,0.5000000000000001 ---> 0.5051477771041544
5,0.5500000000000002 ---> 0.4797665842351465
5,0.6000000000000002 ---> 0.3021535073812341
5,0.6500000000000001 ---> 0.19098090269395968
5,0.7000000000000002 ---> 0.13525012382759924
5,0.7500000000000002 ---> 0.10045191975473308
5,0.8000000000000002 ---> 0.05507333612635257
5,0.8500000000000002 ---> 0.07909361555924796
7,0.1 ---> 0.7519586002848971
7,0.15000000000000002 ---> 0.7658359214581442
7,0.20000000000000004 ---> 0.7772801982668212
7,0.25000000000000006 ---> 0.7738495340554901
7,0.30000000000000004 ---> 0.7571886499117111
7,0.3500000000000001 ---> 0.7433024889318249
7,0.40000000000000013 ---> 0.7183689017634668
7,0.45000000000000007 ---> 0.767963841602668
7,0.5000000000000001 ---> 0.7133630260076462
7,0.5500000000000002 ---> 0.6160274188520367
7,0.6000000000000002 ---> 0.6234395752658998
7,0.6500000000000001 ---> 0.6056127767466913
7,0.7000000000000002 ---> 0.5189788413106615
7,0.7500000000000002 ---> 0.48695762994872743
7,0.8000000000000002 ---> 0.33952327581330294
7,0.8500000000000002 ---> 0.20672381073094898
9,0.1 ---> 0.6372670641252195
9,0.15000000000000002 ---> 0.7570392886296393
9,0.20000000000000004 ---> 0.9095999448172505
9,0.25000000000000006 ---> 0.799461210766444
9,0.30000000000000004 ---> 0.8071446382304668
9,0.3500000000000001 ---> 0.9308478113085858
9,0.40000000000000013 ---> 0.7764678784382055
9,0.45000000000000007 ---> 0.881069787046517
9,0.5000000000000001 ---> 0.7229869067120112
9,0.5500000000000002 ---> 0.7052998775812698
9,0.6000000000000002 ---> 0.6818353106664066
9,0.6500000000000001 ---> 0.6643936573233399
9,0.7000000000000002 ---> 0.6614223173362556
9,0.7500000000000002 ---> 0.5938100796293988
9,0.8000000000000002 ---> 0.537312901091523
9,0.8500000000000002 ---> 0.538485800550926
11,0.1 ---> 0.4813427435463483
11,0.15000000000000002 ---> 0.8462771769042428
11,0.20000000000000004 ---> 0.7806243938660318
11,0.25000000000000006 ---> 0.7694425481644489
11,0.30000000000000004 ---> 0.9436095712030952
11,0.3500000000000001 ---> 0.9384631868442023
11,0.40000000000000013 ---> 0.9368640949868702
11,0.45000000000000007 ---> 0.9078088384919031
11,0.5000000000000001 ---> 0.7506828670870378
11,0.5500000000000002 ---> 0.7406054979503807
11,0.6000000000000002 ---> 0.715213706518329
11,0.6500000000000001 ---> 0.611555219561642
11,0.7000000000000002 ---> 0.6825480938627624
11,0.7500000000000002 ---> 0.6454259717340216
11,0.8000000000000002 ---> 0.695940362281792
11,0.8500000000000002 ---> 0.5784431998213876
13,0.1 ---> 0.6941287161632708
13,0.15000000000000002 ---> 0.6922082131691187
13,0.20000000000000004 ---> 0.7773908202331186
13,0.25000000000000006 ---> 0.7756536463591822
13,0.30000000000000004 ---> 0.8063059268008324
13,0.3500000000000001 ---> 0.9455993984114264
13,0.40000000000000013 ---> 0.7824203073348508
13,0.45000000000000007 ---> 0.7834770534954305
13,0.5000000000000001 ---> 0.7711830005213752
13,0.5500000000000002 ---> 0.7503470412922449
13,0.6000000000000002 ---> 0.8584172724468886
13,0.6500000000000001 ---> 0.6384601662126246
13,0.7000000000000002 ---> 0.6967803647627995
13,0.7500000000000002 ---> 0.6790455802183903
13,0.8000000000000002 ---> 0.671263442964373
13,0.8500000000000002 ---> 0.6649995044581462
15,0.1 ---> 0.5912524525405121
15,0.15000000000000002 ---> 0.7192022543562213
15,0.20000000000000004 ---> 0.8811656254232132
15,0.25000000000000006 ---> 0.7815398968500525
15,0.30000000000000004 ---> 0.9085364654410271
15,0.3500000000000001 ---> 0.8008691140767379
15,0.40000000000000013 ---> 0.8135319761158695
15,0.45000000000000007 ---> 0.9538800412203876
15,0.5000000000000001 ---> 0.9457812073830464
15,0.5500000000000002 ---> 0.8976732951351808
15,0.6000000000000002 ---> 0.7480690485603271
15,0.6500000000000001 ---> 0.6482645461766698
15,0.7000000000000002 ---> 0.6241874048720106
15,0.7500000000000002 ---> 0.7009320861261539
15,0.8000000000000002 ---> 0.6579422329142768
15,0.8500000000000002 ---> 0.696109936426498
17,0.1 ---> 0.63075930234518
17,0.15000000000000002 ---> 0.8202188232069408
17,0.20000000000000004 ---> 0.8644201852607092
17,0.25000000000000006 ---> 0.7845824239174424
17,0.30000000000000004 ---> 0.774781697346407
17,0.3500000000000001 ---> 0.813326217377454
17,0.40000000000000013 ---> 0.9563231880346065
17,0.45000000000000007 ---> 0.8153846121195383
17,0.5000000000000001 ---> 0.9423147931247676
17,0.5500000000000002 ---> 0.918917423003642
17,0.6000000000000002 ---> 0.9082775268978072
17,0.6500000000000001 ---> 0.876714313540458
17,0.7000000000000002 ---> 0.7744525449381272
17,0.7500000000000002 ---> 0.6882800668971563
17,0.8000000000000002 ---> 0.7053417883560982
17,0.8500000000000002 ---> 0.6635604849606335
19,0.1 ---> 0.6378700590537252
19,0.15000000000000002 ---> 0.55013182158027
19,0.20000000000000004 ---> 0.7259352064308786
19,0.25000000000000006 ---> 0.7782830059611447
19,0.30000000000000004 ---> 0.9051734012186005
19,0.3500000000000001 ---> 0.7821990022000489
19,0.40000000000000013 ---> 0.8202518540524888
19,0.45000000000000007 ---> 0.8115206146351829
19,0.5000000000000001 ---> 0.9562068551454163
19,0.5500000000000002 ---> 0.9156508895645278
19,0.6000000000000002 ---> 0.7523280879149269
19,0.6500000000000001 ---> 0.8913586489222333
19,0.7000000000000002 ---> 0.6542323079501589
19,0.7500000000000002 ---> 0.7071605412656115
19,0.8000000000000002 ---> 0.7031409742958614
19,0.8500000000000002 ---> 0.6480765593954713
21,0.1 ---> 0.5708173252659482
21,0.15000000000000002 ---> 0.7419693038567992
21,0.20000000000000004 ---> 0.8389380017471723
21,0.25000000000000006 ---> 0.7698626638182
21,0.30000000000000004 ---> 0.8535444740212329
21,0.3500000000000001 ---> 0.8936628387368486
21,0.40000000000000013 ---> 0.9549209983316442
21,0.45000000000000007 ---> 0.8127759160855069
21,0.5000000000000001 ---> 0.9450837751356778
21,0.5500000000000002 ---> 0.9211687431537072
21,0.6000000000000002 ---> 0.9031145186729859
21,0.6500000000000001 ---> 0.752881804762924
21,0.7000000000000002 ---> 0.6480875106766031
21,0.7500000000000002 ---> 0.6119310087250232
21,0.8000000000000002 ---> 0.7007406218018271
21,0.8500000000000002 ---> 0.6815195239741653
23,0.1 ---> 0.5030484224309996
23,0.15000000000000002 ---> 0.6821565357788122
23,0.20000000000000004 ---> 0.8686379203076987
23,0.25000000000000006 ---> 0.7883170998774294
23,0.30000000000000004 ---> 0.7748271741337486
23,0.3500000000000001 ---> 0.8549908584600507
23,0.40000000000000013 ---> 0.9305892193825688
23,0.45000000000000007 ---> 0.9452166040985457
23,0.5000000000000001 ---> 0.805904001225732
23,0.5500000000000002 ---> 0.9181852851678662
23,0.6000000000000002 ---> 0.7879557183539582
23,0.6500000000000001 ---> 0.7490760918883305
23,0.7000000000000002 ---> 0.7314244020478743
23,0.7500000000000002 ---> 0.6197076816812855
23,0.8000000000000002 ---> 0.7030580501390401
23,0.8500000000000002 ---> 0.682805106991447
25,0.1 ---> 0.5595063726422452
25,0.15000000000000002 ---> 0.728716820609999
25,0.20000000000000004 ---> 0.7497780593489306
25,0.25000000000000006 ---> 0.7717433778088951
25,0.30000000000000004 ---> 0.9200613664436753
25,0.3500000000000001 ---> 0.9317701031778629
25,0.40000000000000013 ---> 0.9450323606136235
25,0.45000000000000007 ---> 0.9535154710563033
25,0.5000000000000001 ---> 0.9477855928462837
25,0.5500000000000002 ---> 0.9480550110834145
25,0.6000000000000002 ---> 0.775580721930268
25,0.6500000000000001 ---> 0.7348613484618243
25,0.7000000000000002 ---> 0.7075455218209287
25,0.7500000000000002 ---> 0.6214992907871622
25,0.8000000000000002 ---> 0.6999043814438165
25,0.8500000000000002 ---> 0.6687388523407465
27,0.1 ---> 0.6129769040012026
27,0.15000000000000002 ---> 0.738801423687606
27,0.20000000000000004 ---> 0.7024634723826397
27,0.25000000000000006 ---> 0.7708081753037566
27,0.30000000000000004 ---> 0.7923195121509142
27,0.3500000000000001 ---> 0.790036562810115
27,0.40000000000000013 ---> 0.936424980700834
27,0.45000000000000007 ---> 0.8095362110452001
27,0.5000000000000001 ---> 0.9573658145242637
27,0.5500000000000002 ---> 0.9256051740441832
27,0.6000000000000002 ---> 0.7818328857336271
27,0.6500000000000001 ---> 0.7543881223481259
27,0.7000000000000002 ---> 0.7437688148758346
27,0.7500000000000002 ---> 0.8159978763446348
27,0.8000000000000002 ---> 0.7732295775486181
27,0.8500000000000002 ---> 0.7047650378901802
29,0.1 ---> 0.4773227812394019
29,0.15000000000000002 ---> 0.724598701940543
29,0.20000000000000004 ---> 0.8075695510592953
29,0.25000000000000006 ---> 0.7320116152168377
29,0.30000000000000004 ---> 0.780269539210929
29,0.3500000000000001 ---> 0.7969920527120662
29,0.40000000000000013 ---> 0.9230857859598665
29,0.45000000000000007 ---> 0.7923062836142366
29,0.5000000000000001 ---> 0.9445250032513949
29,0.5500000000000002 ---> 0.9331973086900767
29,0.6000000000000002 ---> 0.7706244896950164
29,0.6500000000000001 ---> 0.7357884114385985
29,0.7000000000000002 ---> 0.7399821163740792
29,0.7500000000000002 ---> 0.764699366129958
29,0.8000000000000002 ---> 0.7281559271261291
29,0.8500000000000002 ---> 0.732101347711912
31,0.1 ---> 0.43789251292804476
31,0.15000000000000002 ---> 0.7347785963245037
31,0.20000000000000004 ---> 0.8026580457637806
31,0.25000000000000006 ---> 0.7350721129374487
31,0.30000000000000004 ---> 0.7744638660868918
31,0.3500000000000001 ---> 0.8010704775486476
31,0.40000000000000013 ---> 0.924971063290758
31,0.45000000000000007 ---> 0.8087172635228391
31,0.5000000000000001 ---> 0.9500374976668955
31,0.5500000000000002 ---> 0.7832214531017418
31,0.6000000000000002 ---> 0.7700972876526697
31,0.6500000000000001 ---> 0.7397818798617645
31,0.7000000000000002 ---> 0.7430457402577357
31,0.7500000000000002 ---> 0.6366829794481674
31,0.8000000000000002 ---> 0.7055542878673676
31,0.8500000000000002 ---> 0.689622346572085
33,0.1 ---> 0.46222456688756236
33,0.15000000000000002 ---> 0.7414649326458167
33,0.20000000000000004 ---> 0.7917621970272457
33,0.25000000000000006 ---> 0.7701312189266358
33,0.30000000000000004 ---> 0.7836228418128164
33,0.3500000000000001 ---> 0.8707660922971401
33,0.40000000000000013 ---> 0.8077090235270281
33,0.45000000000000007 ---> 0.8097533796762726
33,0.5000000000000001 ---> 0.9467686072316998
33,0.5500000000000002 ---> 0.7792208206513707
33,0.6000000000000002 ---> 0.9154668608930121
33,0.6500000000000001 ---> 0.7389825877841333
33,0.7000000000000002 ---> 0.8799758778664637
33,0.7500000000000002 ---> 0.6301046824268621
33,0.8000000000000002 ---> 0.7666804522452144
33,0.8500000000000002 ---> 0.6922128691185652
35,0.1 ---> 0.4066470939569592
35,0.15000000000000002 ---> 0.631943895530196
35,0.20000000000000004 ---> 0.7925565336983561
35,0.25000000000000006 ---> 0.7615473982373272
35,0.30000000000000004 ---> 0.9322148655674651
35,0.3500000000000001 ---> 0.7962278480178088
35,0.40000000000000013 ---> 0.9414278781398936
35,0.45000000000000007 ---> 0.9483503714968082
35,0.5000000000000001 ---> 0.9504307501155937
35,0.5500000000000002 ---> 0.8107199720768653
35,0.6000000000000002 ---> 0.9155963806789968
35,0.6500000000000001 ---> 0.8969720653134401
35,0.7000000000000002 ---> 0.6701416265135115
35,0.7500000000000002 ---> 0.7739275610299124
35,0.8000000000000002 ---> 0.716773608038339
35,0.8500000000000002 ---> 0.7076352507934444
37,0.1 ---> 0.4806216133367352
37,0.15000000000000002 ---> 0.7392141425408078
37,0.20000000000000004 ---> 0.8157827060413172
37,0.25000000000000006 ---> 0.8693545072074966
37,0.30000000000000004 ---> 0.9339757634771036
37,0.3500000000000001 ---> 0.7948059417130346
37,0.40000000000000013 ---> 0.9634148860483986
37,0.45000000000000007 ---> 0.8090033566834542
37,0.5000000000000001 ---> 0.9498484112036106
37,0.5500000000000002 ---> 0.7821671417451532
37,0.6000000000000002 ---> 0.9161498068501311
37,0.6500000000000001 ---> 0.8992994758068982
37,0.7000000000000002 ---> 0.743842181130643
37,0.7500000000000002 ---> 0.7500141010845118
37,0.8000000000000002 ---> 0.7193275758518873
37,0.8500000000000002 ---> 0.7154687275633091
39,0.1 ---> 0.49386785123915156
39,0.15000000000000002 ---> 0.6132249658026692
39,0.20000000000000004 ---> 0.8025038888049811
39,0.25000000000000006 ---> 0.8527616497124679
39,0.30000000000000004 ---> 0.9203433086046291
39,0.3500000000000001 ---> 0.8017958459126646
39,0.40000000000000013 ---> 0.9429751568307836
39,0.45000000000000007 ---> 0.8133400856559898
39,0.5000000000000001 ---> 0.8100943010766285
39,0.5500000000000002 ---> 0.7863979567485332
39,0.6000000000000002 ---> 0.9145603348062504
39,0.6500000000000001 ---> 0.8936458948431444
39,0.7000000000000002 ---> 0.8364513922144885
39,0.7500000000000002 ---> 0.7520294032137831
39,0.8000000000000002 ---> 0.7065461883098413
39,0.8500000000000002 ---> 0.7035993920683515
41,0.1 ---> 0.49125830531596054
41,0.15000000000000002 ---> 0.6917149250795963
41,0.20000000000000004 ---> 0.730265299036736
41,0.25000000000000006 ---> 0.8601925266773744
41,0.30000000000000004 ---> 0.8777527014967482
41,0.3500000000000001 ---> 0.9287993137451549
41,0.40000000000000013 ---> 0.933759222476873
41,0.45000000000000007 ---> 0.806178337239448
41,0.5000000000000001 ---> 0.8073406303466808
41,0.5500000000000002 ---> 0.8046635492975287
41,0.6000000000000002 ---> 0.7759719346892127
41,0.6500000000000001 ---> 0.907854134830707
41,0.7000000000000002 ---> 0.7446540371223136
41,0.7500000000000002 ---> 0.7570818740786456
41,0.8000000000000002 ---> 0.7564694775118858
41,0.8500000000000002 ---> 0.6779485370059717
43,0.1 ---> 0.40812253287307865
43,0.15000000000000002 ---> 0.6657246595254975
43,0.20000000000000004 ---> 0.6843281880231344
43,0.25000000000000006 ---> 0.8601588089635539
43,0.30000000000000004 ---> 0.8805732258779436
43,0.3500000000000001 ---> 0.8056442854916156
43,0.40000000000000013 ---> 0.9349491925867408
43,0.45000000000000007 ---> 0.7994915286700092
43,0.5000000000000001 ---> 0.8095818022214443
43,0.5500000000000002 ---> 0.8035809396150068
43,0.6000000000000002 ---> 0.7498660595223452
43,0.6500000000000001 ---> 0.9094454530942429
43,0.7000000000000002 ---> 0.7485965037043959
43,0.7500000000000002 ---> 0.7544262969399644
43,0.8000000000000002 ---> 0.721358216063031
43,0.8500000000000002 ---> 0.6739661001587984
45,0.1 ---> 0.4547054227749399
45,0.15000000000000002 ---> 0.6659300444130467
45,0.20000000000000004 ---> 0.6797033667141756
45,0.25000000000000006 ---> 0.852916138942712
45,0.30000000000000004 ---> 0.8665607463554966
45,0.3500000000000001 ---> 0.8022411677782019
45,0.40000000000000013 ---> 0.9439968568604169
45,0.45000000000000007 ---> 0.797274973620624
45,0.5000000000000001 ---> 0.8107892983300966
45,0.5500000000000002 ---> 0.785689883578115
45,0.6000000000000002 ---> 0.769596272513268
45,0.6500000000000001 ---> 0.7611772357370216
45,0.7000000000000002 ---> 0.755693116531708
45,0.7500000000000002 ---> 0.6360189812371282
45,0.8000000000000002 ---> 0.7237861572261096
45,0.8500000000000002 ---> 0.7270779623934127
47,0.1 ---> 0.5022286654843873
47,0.15000000000000002 ---> 0.5814446398795525
47,0.20000000000000004 ---> 0.7961010211688435
47,0.25000000000000006 ---> 0.84464589151728
47,0.30000000000000004 ---> 0.8907023855651955
47,0.3500000000000001 ---> 0.8836502251772032
47,0.40000000000000013 ---> 0.9559993245838042
47,0.45000000000000007 ---> 0.8003857859200438
47,0.5000000000000001 ---> 0.805127595340503
47,0.5500000000000002 ---> 0.8056186207628867
47,0.6000000000000002 ---> 0.9041320093435095
47,0.6500000000000001 ---> 0.8935022515199705
47,0.7000000000000002 ---> 0.751232664613744
47,0.7500000000000002 ---> 0.700098878787558
47,0.8000000000000002 ---> 0.7241789145188899
47,0.8500000000000002 ---> 0.7256203369740823
49,0.1 ---> 0.3951927972409942
49,0.15000000000000002 ---> 0.7379969368664391
49,0.20000000000000004 ---> 0.6891567984149047
49,0.25000000000000006 ---> 0.8699745045090902
49,0.30000000000000004 ---> 0.7333900115302866
49,0.3500000000000001 ---> 0.8111534203179523
49,0.40000000000000013 ---> 0.9441515134015745
49,0.45000000000000007 ---> 0.8133576736955941
49,0.5000000000000001 ---> 0.8063299700925306
49,0.5500000000000002 ---> 0.946821854268209
49,0.6000000000000002 ---> 0.9312543423848405
49,0.6500000000000001 ---> 0.9261114516847924
49,0.7000000000000002 ---> 0.9061268067486152
49,0.7500000000000002 ---> 0.6214578657254933
49,0.8000000000000002 ---> 0.7127541819073853
49,0.8500000000000002 ---> 0.7153194369373006
51,0.1 ---> 0.4696828245753816
51,0.15000000000000002 ---> 0.638237743485264
51,0.20000000000000004 ---> 0.6720526159602846
51,0.25000000000000006 ---> 0.7892803986675887
51,0.30000000000000004 ---> 0.7387062815512409
51,0.3500000000000001 ---> 0.7961802194588223
51,0.40000000000000013 ---> 0.9448347187311729
51,0.45000000000000007 ---> 0.7960942612925558
51,0.5000000000000001 ---> 0.9406469419342803
51,0.5500000000000002 ---> 0.9473261789253355
51,0.6000000000000002 ---> 0.9254897705024223
51,0.6500000000000001 ---> 0.9337668804594472
51,0.7000000000000002 ---> 0.7481267305685455
51,0.7500000000000002 ---> 0.7544992990598145
51,0.8000000000000002 ---> 0.709763977554181
51,0.8500000000000002 ---> 0.7084280368919467
53,0.1 ---> 0.42077819374068637
53,0.15000000000000002 ---> 0.7103044027168469
53,0.20000000000000004 ---> 0.8156898020152129
53,0.25000000000000006 ---> 0.7557297922732621
53,0.30000000000000004 ---> 0.7397682964652572
53,0.3500000000000001 ---> 0.7926475992898577
53,0.40000000000000013 ---> 0.9440060714013662
53,0.45000000000000007 ---> 0.7989525536609643
53,0.5000000000000001 ---> 0.8143597761979583
53,0.5500000000000002 ---> 0.9451801566840137
53,0.6000000000000002 ---> 0.9317933131188912
53,0.6500000000000001 ---> 0.9190390757458502
53,0.7000000000000002 ---> 0.7508759386528883
53,0.7500000000000002 ---> 0.6403197511038912
53,0.8000000000000002 ---> 0.7208039698592689
53,0.8500000000000002 ---> 0.737216908701902
55,0.1 ---> 0.567300585499225
55,0.15000000000000002 ---> 0.5956173811700048
55,0.20000000000000004 ---> 0.7556045048343553
55,0.25000000000000006 ---> 0.7177118874621385
55,0.30000000000000004 ---> 0.7531191146754275
55,0.3500000000000001 ---> 0.8806610680159835
55,0.40000000000000013 ---> 0.953174504145115
55,0.45000000000000007 ---> 0.8031671100736906
55,0.5000000000000001 ---> 0.8131089147144055
55,0.5500000000000002 ---> 0.8053580707776357
55,0.6000000000000002 ---> 0.9306938471340936
55,0.6500000000000001 ---> 0.9195817853428048
55,0.7000000000000002 ---> 0.7662276653762647
55,0.7500000000000002 ---> 0.7453943407432239
55,0.8000000000000002 ---> 0.7578954864101346
55,0.8500000000000002 ---> 0.7334496683229694
57,0.1 ---> 0.44979948144189147
57,0.15000000000000002 ---> 0.5604617863736797
57,0.20000000000000004 ---> 0.6165226555031675
57,0.25000000000000006 ---> 0.706407621432982
57,0.30000000000000004 ---> 0.7562733967173507
57,0.3500000000000001 ---> 0.9309053199668271
57,0.40000000000000013 ---> 0.9423665246371072
57,0.45000000000000007 ---> 0.805773131706991
57,0.5000000000000001 ---> 0.8033080183753964
57,0.5500000000000002 ---> 0.8046652538662966
57,0.6000000000000002 ---> 0.9321915384563644
57,0.6500000000000001 ---> 0.9201626521714605
57,0.7000000000000002 ---> 0.9338812295107866
57,0.7500000000000002 ---> 0.6341081641485182
57,0.8000000000000002 ---> 0.7603606230882678
57,0.8500000000000002 ---> 0.7238983138057862
59,0.1 ---> 0.4227977570845624
59,0.15000000000000002 ---> 0.6409952036361688
59,0.20000000000000004 ---> 0.6173729942806764
59,0.25000000000000006 ---> 0.6422389837905891
59,0.30000000000000004 ---> 0.7370138805523875
59,0.3500000000000001 ---> 0.9370402750179233
59,0.40000000000000013 ---> 0.9480278188361364
59,0.45000000000000007 ---> 0.7981143514515993
59,0.5000000000000001 ---> 0.8028198177328354
59,0.5500000000000002 ---> 0.945536104109625
59,0.6000000000000002 ---> 0.7899692711417877
59,0.6500000000000001 ---> 0.9176370184703222
59,0.7000000000000002 ---> 0.7685854746116902
59,0.7500000000000002 ---> 0.6527923301127412
59,0.8000000000000002 ---> 0.7636706422717305
59,0.8500000000000002 ---> 0.7324000520820415
0.9634148860483986 37 0.40000000000000013