3,0.1 ---> 0.7546843629093047
3,0.15000000000000002 ---> 0.7155364186741553
3,0.20000000000000004 ---> 0.707349658014517
3,0.25000000000000006 ---> 0.6207945147658325
3,0.30000000000000004 ---> 0.49716960783039144
3,0.3500000000000001 ---> 0.4325112396265878
3,0.40000000000000013 ---> 0.3392654022481313
3,0.45000000000000007 ---> 0.18868810262941055
3,0.5000000000000001 ---> 0.1611910096028823
3,0.5500000000000002 ---> 0.06130896628389352
3,0.6000000000000002 ---> 0.04646129246197014
3,0.6500000000000001 ---> 0.05318428867606086
3,0.7000000000000002 ---> 0.028765723493084795
3,0.7500000000000002 ---> 0.02884601596759605
3,0.8000000000000002 ---> 0.0219197841315455
3,0.8500000000000002 ---> 0.01764645225674254
5,0.1 ---> 0.8382325677571781
5,0.15000000000000002 ---> 0.886890300825999
5,0.20000000000000004 ---> 0.8937612683789691
5,0.25000000000000006 ---> 0.755060382067963
5,0.30000000000000004 ---> 0.8823282478464746
5,0.3500000000000001 ---> 0.6946874671834584
5,0.40000000000000013 ---> 0.7079549677093059
5,0.45000000000000007 ---> 0.7219478019324526
5,0.5000000000000001 ---> 0.6306994263837756
5,0.5500000000000002 ---> 0.6168919555193717
5,0.6000000000000002 ---> 0.600664133727773
5,0.6500000000000001 ---> 0.5786552557089442
5,0.7000000000000002 ---> 0.40266341466586253
5,0.7500000000000002 ---> 0.30148768692267414
5,0.8000000000000002 ---> 0.3219240459470024
5,0.8500000000000002 ---> 0.24067680583851972
7,0.1 ---> 0.6723529758657294
7,0.15000000000000002 ---> 0.8894649077172241
7,0.20000000000000004 ---> 0.7743266838230854
7,0.25000000000000006 ---> 0.9135466398540674
7,0.30000000000000004 ---> 0.7986245598780848
7,0.3500000000000001 ---> 0.7883393986514189
7,0.40000000000000013 ---> 0.7628953664057319
7,0.45000000000000007 ---> 0.8690338336173346
7,0.5000000000000001 ---> 0.8333711650684776
7,0.5500000000000002 ---> 0.8082389777659286
7,0.6000000000000002 ---> 0.6772585141231603
7,0.6500000000000001 ---> 0.5686894895573696
7,0.7000000000000002 ---> 0.6985938347107599
7,0.7500000000000002 ---> 0.616380832749811
7,0.8000000000000002 ---> 0.6856533952868618
7,0.8500000000000002 ---> 0.5861124976422583
9,0.1 ---> 0.6775854364629695
9,0.15000000000000002 ---> 0.8218030393912237
9,0.20000000000000004 ---> 0.9122348730990604
9,0.25000000000000006 ---> 0.7723985050017158
9,0.30000000000000004 ---> 0.7864954493722147
9,0.3500000000000001 ---> 0.7871578152065941
9,0.40000000000000013 ---> 0.7955086253571414
9,0.45000000000000007 ---> 0.8000893141725485
9,0.5000000000000001 ---> 0.7784973599343407
9,0.5500000000000002 ---> 0.7331249872772667
9,0.6000000000000002 ---> 0.6997926689606841
9,0.6500000000000001 ---> 0.7733419743445535
9,0.7000000000000002 ---> 0.7685037147064282
9,0.7500000000000002 ---> 0.8070263195120271
9,0.8000000000000002 ---> 0.579384288026677
9,0.8500000000000002 ---> 0.6781550978270057
11,0.1 ---> 0.6030578205629268
11,0.15000000000000002 ---> 0.6879843293566515
11,0.20000000000000004 ---> 0.894677118367367
11,0.25000000000000006 ---> 0.7843978316542808
11,0.30000000000000004 ---> 0.7662148042218371
11,0.3500000000000001 ---> 0.8071179838096734
11,0.40000000000000013 ---> 0.8158641292375416
11,0.45000000000000007 ---> 0.807643904511553
11,0.5000000000000001 ---> 0.8007759560913044
11,0.5500000000000002 ---> 0.784153715244714
11,0.6000000000000002 ---> 0.8726421880143885
11,0.6500000000000001 ---> 0.7351345126028679
11,0.7000000000000002 ---> 0.8396260571967492
11,0.7500000000000002 ---> 0.6943844754888744
11,0.8000000000000002 ---> 0.6886806658713807
11,0.8500000000000002 ---> 0.7360771703128591
13,0.1 ---> 0.5386299203922994
13,0.15000000000000002 ---> 0.8079971617178454
13,0.20000000000000004 ---> 0.8454100420713374
13,0.25000000000000006 ---> 0.78337939922542
13,0.30000000000000004 ---> 0.7820369494940473
13,0.3500000000000001 ---> 0.7836900563514999
13,0.40000000000000013 ---> 0.9393380879810456
13,0.45000000000000007 ---> 0.941460831282415
13,0.5000000000000001 ---> 0.8048582092254133
13,0.5500000000000002 ---> 0.8029790340431855
13,0.6000000000000002 ---> 0.7875224968431708
13,0.6500000000000001 ---> 0.9124700331604764
13,0.7000000000000002 ---> 0.9178401317467249
13,0.7500000000000002 ---> 0.8628909912693657
13,0.8000000000000002 ---> 0.844811277482447
13,0.8500000000000002 ---> 0.6988327893616535
15,0.1 ---> 0.6590538261502822
15,0.15000000000000002 ---> 0.7991129326436296
15,0.20000000000000004 ---> 0.8407457142323107
15,0.25000000000000006 ---> 0.7665760105602909
15,0.30000000000000004 ---> 0.7752075860095065
15,0.3500000000000001 ---> 0.9094423985711171
15,0.40000000000000013 ---> 0.7828749559253889
15,0.45000000000000007 ---> 0.9410613555749074
15,0.5000000000000001 ---> 0.8150121962873443
15,0.5500000000000002 ---> 0.8097902348804951
15,0.6000000000000002 ---> 0.8067897487594717
15,0.6500000000000001 ---> 0.7823271817199872
15,0.7000000000000002 ---> 0.9291913863362604
15,0.7500000000000002 ---> 0.7486067611564756
15,0.8000000000000002 ---> 0.8365887425165142
15,0.8500000000000002 ---> 0.8384599465578433
17,0.1 ---> 0.5390535654409986
17,0.15000000000000002 ---> 0.6331369731091152
17,0.20000000000000004 ---> 0.831348900253792
17,0.25000000000000006 ---> 0.8841232698023122
17,0.30000000000000004 ---> 0.7838831203315857
17,0.3500000000000001 ---> 0.7796371418371767
17,0.40000000000000013 ---> 0.8064994704109372
17,0.45000000000000007 ---> 0.8001485386225257
17,0.5000000000000001 ---> 0.9424120998124866
17,0.5500000000000002 ---> 0.8123544377432778
17,0.6000000000000002 ---> 0.9516374230223932
17,0.6500000000000001 ---> 0.8133068477970399
17,0.7000000000000002 ---> 0.9373985814846251
17,0.7500000000000002 ---> 0.8794376383450683
17,0.8000000000000002 ---> 0.8825364860564061
17,0.8500000000000002 ---> 0.8488914480202077
19,0.1 ---> 0.4554634672335725
19,0.15000000000000002 ---> 0.6608458091511241
19,0.20000000000000004 ---> 0.8462002299721185
19,0.25000000000000006 ---> 0.746244226536003
19,0.30000000000000004 ---> 0.9033943778835111
19,0.3500000000000001 ---> 0.7807730376179399
19,0.40000000000000013 ---> 0.7996103419002256
19,0.45000000000000007 ---> 0.8963802189094983
19,0.5000000000000001 ---> 0.7766369569912861
19,0.5500000000000002 ---> 0.8136529845889184
19,0.6000000000000002 ---> 0.9446527698950133
19,0.6500000000000001 ---> 0.7962488210272122
19,0.7000000000000002 ---> 0.7797940065188848
19,0.7500000000000002 ---> 0.9166522400435528
19,0.8000000000000002 ---> 0.8816299864134166
19,0.8500000000000002 ---> 0.8616617471921195
21,0.1 ---> 0.511821050749448
21,0.15000000000000002 ---> 0.730089661202027
21,0.20000000000000004 ---> 0.7922808826503841
21,0.25000000000000006 ---> 0.8430113256973982
21,0.30000000000000004 ---> 0.9102876145889691
21,0.3500000000000001 ---> 0.9072925504224949
21,0.40000000000000013 ---> 0.7901180948565926
21,0.45000000000000007 ---> 0.8129470680283335
21,0.5000000000000001 ---> 0.9224779889698528
21,0.5500000000000002 ---> 0.8146435038866743
21,0.6000000000000002 ---> 0.804970805862192
21,0.6500000000000001 ---> 0.9571529901926874
21,0.7000000000000002 ---> 0.8980290649636687
21,0.7500000000000002 ---> 0.9158032801682628
21,0.8000000000000002 ---> 0.8897117470500099
21,0.8500000000000002 ---> 0.8589473967828896
23,0.1 ---> 0.44721116051683596
23,0.15000000000000002 ---> 0.7076325907949538
23,0.20000000000000004 ---> 0.7162357333912183
23,0.25000000000000006 ---> 0.8203023776689008
23,0.30000000000000004 ---> 0.9062106264349821
23,0.3500000000000001 ---> 0.9249178755910389
23,0.40000000000000013 ---> 0.9493391496968051
23,0.45000000000000007 ---> 0.7964968390188114
23,0.5000000000000001 ---> 0.9507971658555657
23,0.5500000000000002 ---> 0.9380963492345298
23,0.6000000000000002 ---> 0.8083685974418545
23,0.6500000000000001 ---> 0.9567133936751286
23,0.7000000000000002 ---> 0.9433241172063889
23,0.7500000000000002 ---> 0.9151211340653467
23,0.8000000000000002 ---> 0.8926161819368733
23,0.8500000000000002 ---> 0.8739809394156139
25,0.1 ---> 0.40571793942455675
25,0.15000000000000002 ---> 0.7442884123108491
25,0.20000000000000004 ---> 0.7251187192759964
25,0.25000000000000006 ---> 0.7710381367469729
25,0.30000000000000004 ---> 0.9050608251455067
25,0.3500000000000001 ---> 0.9085270385457177
25,0.40000000000000013 ---> 0.79466413626879
25,0.45000000000000007 ---> 0.8052664553871998
25,0.5000000000000001 ---> 0.8132036990942051
25,0.5500000000000002 ---> 0.818188025389009
25,0.6000000000000002 ---> 0.8135015718733902
25,0.6500000000000001 ---> 0.7964207763610691
25,0.7000000000000002 ---> 0.8013254547487142
25,0.7500000000000002 ---> 0.7650893019877841
25,0.8000000000000002 ---> 0.7604002394334306
25,0.8500000000000002 ---> 0.8739619509904097
27,0.1 ---> 0.41809325830281957
27,0.15000000000000002 ---> 0.6595658745122713
27,0.20000000000000004 ---> 0.8043625581563347
27,0.25000000000000006 ---> 0.7695918431737903
27,0.30000000000000004 ---> 0.9027577082739777
27,0.3500000000000001 ---> 0.9112174697029696
27,0.40000000000000013 ---> 0.7859029485550059
27,0.45000000000000007 ---> 0.7989276808310255
27,0.5000000000000001 ---> 0.7806847618798634
27,0.5500000000000002 ---> 0.8099772293909903
27,0.6000000000000002 ---> 0.8003360081295334
27,0.6500000000000001 ---> 0.8001725733541744
27,0.7000000000000002 ---> 0.9264374499712653
27,0.7500000000000002 ---> 0.9200660105587612
27,0.8000000000000002 ---> 0.9059233138363865
27,0.8500000000000002 ---> 0.8664941438866158
29,0.1 ---> 0.4056876407968879
29,0.15000000000000002 ---> 0.6351973087615913
29,0.20000000000000004 ---> 0.6770229390072126
29,0.25000000000000006 ---> 0.759345510163139
29,0.30000000000000004 ---> 0.8669196671201884
29,0.3500000000000001 ---> 0.9221538557348996
29,0.40000000000000013 ---> 0.9345543633278874
29,0.45000000000000007 ---> 0.7943796347712908
29,0.5000000000000001 ---> 0.7973796419378292
29,0.5500000000000002 ---> 0.8064078353848998
29,0.6000000000000002 ---> 0.7951599400521178
29,0.6500000000000001 ---> 0.8149561070446889
29,0.7000000000000002 ---> 0.9245369617166072
29,0.7500000000000002 ---> 0.9033737452776809
29,0.8000000000000002 ---> 0.7759865077865595
29,0.8500000000000002 ---> 0.8638376696435387
31,0.1 ---> 0.3953520950626975
31,0.15000000000000002 ---> 0.5879481095632649
31,0.20000000000000004 ---> 0.808042132717959
31,0.25000000000000006 ---> 0.7726660620287212
31,0.30000000000000004 ---> 0.7395701262708508
31,0.3500000000000001 ---> 0.9174475751909718
31,0.40000000000000013 ---> 0.8127017883279116
31,0.45000000000000007 ---> 0.8006333542572014
31,0.5000000000000001 ---> 0.7990314061590404
31,0.5500000000000002 ---> 0.9442390572303697
31,0.6000000000000002 ---> 0.8078958251205938
31,0.6500000000000001 ---> 0.946818879818417
31,0.7000000000000002 ---> 0.9481053856136255
31,0.7500000000000002 ---> 0.913846377213839
31,0.8000000000000002 ---> 0.8922985426434892
31,0.8500000000000002 ---> 0.8651750344267942
33,0.1 ---> 0.46864296757260926
33,0.15000000000000002 ---> 0.5406131883417069
33,0.20000000000000004 ---> 0.733674981646723
33,0.25000000000000006 ---> 0.8479747822079879
33,0.30000000000000004 ---> 0.7567610650196895
33,0.3500000000000001 ---> 0.9269904038023785
33,0.40000000000000013 ---> 0.8822872769736494
33,0.45000000000000007 ---> 0.7874390721503478
33,0.5000000000000001 ---> 0.7764684885147493
33,0.5500000000000002 ---> 0.8077775791773558
33,0.6000000000000002 ---> 0.8132342629600549
33,0.6500000000000001 ---> 0.806965110643907
33,0.7000000000000002 ---> 0.9509536233278576
33,0.7500000000000002 ---> 0.9134160200514494
33,0.8000000000000002 ---> 0.9239639200910983
33,0.8500000000000002 ---> 0.852257055458775
35,0.1 ---> 0.4211778412053384
35,0.15000000000000002 ---> 0.6571593525297252
35,0.20000000000000004 ---> 0.6591638135806178
35,0.25000000000000006 ---> 0.8069115699835281
35,0.30000000000000004 ---> 0.7687052150413449
35,0.3500000000000001 ---> 0.8772835838411976
35,0.40000000000000013 ---> 0.9207140686891199
35,0.45000000000000007 ---> 0.7940838494671887
35,0.5000000000000001 ---> 0.8115272726845516
35,0.5500000000000002 ---> 0.807833684019764
35,0.6000000000000002 ---> 0.814023321286194
35,0.6500000000000001 ---> 0.8101602825715613
35,0.7000000000000002 ---> 0.9330869617237433
35,0.7500000000000002 ---> 0.9142632293846787
35,0.8000000000000002 ---> 0.7735418528809175
35,0.8500000000000002 ---> 0.8891373914778613
37,0.1 ---> 0.40617090862236094
37,0.15000000000000002 ---> 0.6312123931258815
37,0.20000000000000004 ---> 0.7415985150960714
37,0.25000000000000006 ---> 0.8021323857330047
37,0.30000000000000004 ---> 0.7681508336012376
37,0.3500000000000001 ---> 0.8974940129101162
37,0.40000000000000013 ---> 0.7929800721264794
37,0.45000000000000007 ---> 0.9268070008463303
37,0.5000000000000001 ---> 0.7983444306357073
37,0.5500000000000002 ---> 0.9386784701207713
37,0.6000000000000002 ---> 0.8102776998123578
37,0.6500000000000001 ---> 0.8107137522578423
37,0.7000000000000002 ---> 0.7854640096109632
37,0.7500000000000002 ---> 0.9266843185358546
37,0.8000000000000002 ---> 0.7678834215174895
37,0.8500000000000002 ---> 0.7449443621067859
39,0.1 ---> 0.4134320028101933
39,0.15000000000000002 ---> 0.46864982642644026
39,0.20000000000000004 ---> 0.7590638783607571
39,0.25000000000000006 ---> 0.7627045689923506
39,0.30000000000000004 ---> 0.8118095524442035
39,0.3500000000000001 ---> 0.8631758385228668
39,0.40000000000000013 ---> 0.8917688969809694
39,0.45000000000000007 ---> 0.9245886130554503
39,0.5000000000000001 ---> 0.8093516471860435
39,0.5500000000000002 ---> 0.7911161387698673
39,0.6000000000000002 ---> 0.7954271383745113
39,0.6500000000000001 ---> 0.7999052337070365
39,0.7000000000000002 ---> 0.8062744914792358
39,0.7500000000000002 ---> 0.9342990349720587
39,0.8000000000000002 ---> 0.9137291761127775
39,0.8500000000000002 ---> 0.9174357823686435
41,0.1 ---> 0.3753325038967886
41,0.15000000000000002 ---> 0.5835837236424495
41,0.20000000000000004 ---> 0.5958167020749192
41,0.25000000000000006 ---> 0.7887844355072697
41,0.30000000000000004 ---> 0.8174651051009005
41,0.3500000000000001 ---> 0.935130400875849
41,0.40000000000000013 ---> 0.8963329475768506
41,0.45000000000000007 ---> 0.9299267539664404
41,0.5000000000000001 ---> 0.7939365691876326
41,0.5500000000000002 ---> 0.7930552775840047
41,0.6000000000000002 ---> 0.8144599467758136
41,0.6500000000000001 ---> 0.8131737633064473
41,0.7000000000000002 ---> 0.9547524561531547
41,0.7500000000000002 ---> 0.9287820925745237
41,0.8000000000000002 ---> 0.7875955784706987
41,0.8500000000000002 ---> 0.7649641633719617
43,0.1 ---> 0.37557597054582054
43,0.15000000000000002 ---> 0.5339979549807505
43,0.20000000000000004 ---> 0.6109858617798911
43,0.25000000000000006 ---> 0.6737633944901615
43,0.30000000000000004 ---> 0.8235358542801047
43,0.3500000000000001 ---> 0.7243121021164602
43,0.40000000000000013 ---> 0.8880293967185239
43,0.45000000000000007 ---> 0.7759581634269639
43,0.5000000000000001 ---> 0.9260355262463493
43,0.5500000000000002 ---> 0.9314626550531535
43,0.6000000000000002 ---> 0.8120139443131468
43,0.6500000000000001 ---> 0.8112090060678468
43,0.7000000000000002 ---> 0.8036659251238261
43,0.7500000000000002 ---> 0.7828507993712223
43,0.8000000000000002 ---> 0.7795329471419891
43,0.8500000000000002 ---> 0.9214125631655905
45,0.1 ---> 0.3348028136733238
45,0.15000000000000002 ---> 0.5230924705036571
45,0.20000000000000004 ---> 0.5537768212796599
45,0.25000000000000006 ---> 0.7540598452737034
45,0.30000000000000004 ---> 0.8277791214681451
45,0.3500000000000001 ---> 0.7167044894416915
45,0.40000000000000013 ---> 0.8846421189397539
45,0.45000000000000007 ---> 0.794159216199606
45,0.5000000000000001 ---> 0.8032202612286836
45,0.5500000000000002 ---> 0.9480672438211947
45,0.6000000000000002 ---> 0.8043162224153647
45,0.6500000000000001 ---> 0.8087954770375767
45,0.7000000000000002 ---> 0.8018240261721534
45,0.7500000000000002 ---> 0.7841600265504585
45,0.8000000000000002 ---> 0.9267073239970923
45,0.8500000000000002 ---> 0.7740274321990482
47,0.1 ---> 0.35938593836795757
47,0.15000000000000002 ---> 0.5011327790562249
47,0.20000000000000004 ---> 0.6734134280565537
47,0.25000000000000006 ---> 0.624556192231395
47,0.30000000000000004 ---> 0.7660420428857797
47,0.3500000000000001 ---> 0.7114827938813294
47,0.40000000000000013 ---> 0.796226199523312
47,0.45000000000000007 ---> 0.9254539581234669
47,0.5000000000000001 ---> 0.7835285462211066
47,0.5500000000000002 ---> 0.7904861342799432
47,0.6000000000000002 ---> 0.8051320981273917
47,0.6500000000000001 ---> 0.7924281813234887
47,0.7000000000000002 ---> 0.8004150560190861
47,0.7500000000000002 ---> 0.9407281961458784
47,0.8000000000000002 ---> 0.9367678696277879
47,0.8500000000000002 ---> 0.9248862196087566
49,0.1 ---> 0.3553862244572614
49,0.15000000000000002 ---> 0.4412603297570133
49,0.20000000000000004 ---> 0.6345654124745217
49,0.25000000000000006 ---> 0.7448030482360242
49,0.30000000000000004 ---> 0.7487164716776961
49,0.3500000000000001 ---> 0.851971710727458
49,0.40000000000000013 ---> 0.8508636131671174
49,0.45000000000000007 ---> 0.8766108488681803
49,0.5000000000000001 ---> 0.9285195511895417
49,0.5500000000000002 ---> 0.804985955331234
49,0.6000000000000002 ---> 0.798495021748749
49,0.6500000000000001 ---> 0.8061718604932799
49,0.7000000000000002 ---> 0.8034858704747284
49,0.7500000000000002 ---> 0.7924032026607513
49,0.8000000000000002 ---> 0.9245182141041299
49,0.8500000000000002 ---> 0.9263843557593979
51,0.1 ---> 0.3627368377015844
51,0.15000000000000002 ---> 0.4017178749854232
51,0.20000000000000004 ---> 0.5637480603905217
51,0.25000000000000006 ---> 0.7631289138096896
51,0.30000000000000004 ---> 0.7144026996282923
51,0.3500000000000001 ---> 0.6182209267195868
51,0.40000000000000013 ---> 0.7868912079195306
51,0.45000000000000007 ---> 0.8713341230172926
51,0.5000000000000001 ---> 0.9129981743480828
51,0.5500000000000002 ---> 0.7980643289706237
51,0.6000000000000002 ---> 0.7977388634246861
51,0.6500000000000001 ---> 0.8050102313092031
51,0.7000000000000002 ---> 0.8035253960024343
51,0.7500000000000002 ---> 0.9437015782796717
51,0.8000000000000002 ---> 0.9392723159863932
51,0.8500000000000002 ---> 0.7735690766080167
53,0.1 ---> 0.3743814871940934
53,0.15000000000000002 ---> 0.3786008887742398
53,0.20000000000000004 ---> 0.5902538320490579
53,0.25000000000000006 ---> 0.55693687212094
53,0.30000000000000004 ---> 0.7740990657367891
53,0.3500000000000001 ---> 0.7506467624938362
53,0.40000000000000013 ---> 0.7520318000263702
53,0.45000000000000007 ---> 0.8364605838538782
53,0.5000000000000001 ---> 0.9284581783130026
53,0.5500000000000002 ---> 0.878605762216402
53,0.6000000000000002 ---> 0.9343633591050222
53,0.6500000000000001 ---> 0.79524962668538
53,0.7000000000000002 ---> 0.8129850284704879
53,0.7500000000000002 ---> 0.9482071086678422
53,0.8000000000000002 ---> 0.9291019773379665
53,0.8500000000000002 ---> 0.7833943827974009
55,0.1 ---> 0.3237999339295937
55,0.15000000000000002 ---> 0.3912818948587853
55,0.20000000000000004 ---> 0.5815454709008081
55,0.25000000000000006 ---> 0.6762534302759758
55,0.30000000000000004 ---> 0.7885324793933146
55,0.3500000000000001 ---> 0.6550735243300465
55,0.40000000000000013 ---> 0.7619741166659457
55,0.45000000000000007 ---> 0.8708207816654404
55,0.5000000000000001 ---> 0.7705456962279896
55,0.5500000000000002 ---> 0.8791507640132409
55,0.6000000000000002 ---> 0.8094475696482292
55,0.6500000000000001 ---> 0.8018636460238975
55,0.7000000000000002 ---> 0.8134280603530091
55,0.7500000000000002 ---> 0.8035230440842656
55,0.8000000000000002 ---> 0.9247331931840547
55,0.8500000000000002 ---> 0.9327507624308607
57,0.1 ---> 0.30465839121266985
57,0.15000000000000002 ---> 0.4267124427083278
57,0.20000000000000004 ---> 0.612916854761704
57,0.25000000000000006 ---> 0.6239122026613472
57,0.30000000000000004 ---> 0.7172126342723917
57,0.3500000000000001 ---> 0.7633042154943833
57,0.40000000000000013 ---> 0.7687878843304188
57,0.45000000000000007 ---> 0.7552153846756411
57,0.5000000000000001 ---> 0.8392078454516586
57,0.5500000000000002 ---> 0.9098546823598644
57,0.6000000000000002 ---> 0.7990478622160289
57,0.6500000000000001 ---> 0.8094465167765185
57,0.7000000000000002 ---> 0.8102414333190492
57,0.7500000000000002 ---> 0.7836308414323577
57,0.8000000000000002 ---> 0.9343024381441587
57,0.8500000000000002 ---> 0.9216819180880881
59,0.1 ---> 0.3157144932362539
59,0.15000000000000002 ---> 0.4577441231492833
59,0.20000000000000004 ---> 0.6490570718700867
59,0.25000000000000006 ---> 0.6374485466334867
59,0.30000000000000004 ---> 0.6795337711005084
59,0.3500000000000001 ---> 0.8079619894085891
59,0.40000000000000013 ---> 0.8304089006265727
59,0.45000000000000007 ---> 0.8314970869061342
59,0.5000000000000001 ---> 0.8685477292200376
59,0.5500000000000002 ---> 0.939780619330938
59,0.6000000000000002 ---> 0.804844774160963
59,0.6500000000000001 ---> 0.8069074931463651
59,0.7000000000000002 ---> 0.8084465407829582
59,0.7500000000000002 ---> 0.8030626930262519
59,0.8000000000000002 ---> 0.920733801059533
59,0.8500000000000002 ---> 0.7773570874012231
0.9571529901926874 21 0.6500000000000001